"D=2,N=2000"	
4.6694 	-9.3732 
-0.4079 	-10.8501 
-1.8095 	-4.6565 
-0.8731 	-11.0145 
9.5969 	-0.4958 
0.2827 	-4.6050 
-5.7810 	3.5506 
7.8760 	4.4423 
-3.4431 	-10.7566 
-3.7774 	-10.5469 
-3.9537 	-3.7818 
-4.0330 	-10.4087 
-3.3549 	-10.7376 
5.2981 	6.8801 
5.3959 	-8.8598 
-2.9138 	-4.3008 
1.4543 	7.9147 
-0.8631 	-10.9978 
5.6801 	-8.6969 
-3.3748 	-10.6743 
9.4758 	-1.8855 
3.3619 	-0.8628 
2.7524 	-10.2473 
-1.9807 	-10.7922 
9.2372 	-3.1882 
7.0933 	-7.1930 
7.7595 	-6.7050 
-0.3415 	7.9125 
9.5647 	-1.7556 
-4.6288 	-3.1470 
8.8146 	-4.6203 
3.2806 	-0.5257 
-5.7148 	3.5635 
3.2885 	-1.8767 
0.3410 	-4.5088 
4.2622 	-9.7076 
9.0064 	-4.1442 
-4.3929 	5.6350 
-2.9213 	-10.7347 
3.3942 	-0.7639 
2.5164 	7.8384 
-1.0119 	7.7231 
6.8699 	-7.5486 
5.5339 	-8.7606 
-5.2196 	-2.1520 
5.5561 	6.6811 
2.8801 	7.8576 
9.5769 	-1.2368 
8.6275 	-4.9364 
7.3602 	-7.1486 
-5.7203 	3.4237 
9.2007 	-3.2115 
9.6226 	-1.7332 
-4.2636 	-3.5783 
-1.2947 	-4.6291 
5.9506 	6.5153 
-3.4671 	-10.6668 
-3.2223 	6.6308 
9.0912 	2.3254 
-6.1520 	0.1029 
7.3539 	-6.9391 
-6.2330 	2.1776 
6.1982 	6.1446 
8.8518 	-4.3391 
0.4021 	-10.7630 
-3.4252 	-10.6291 
8.0470 	4.4102 
-2.7418 	-4.4071 
-3.4157 	-4.0088 
-6.0522 	2.2997 
3.3801 	-10.0126 
-6.1496 	1.9904 
4.7628 	-9.4088 
-6.2015 	1.3724 
-1.7691 	-10.9907 
-2.7559 	7.0550 
-5.6634 	-1.5987 
-6.2546 	1.8527 
9.5054 	0.5843 
4.5818 	7.1552 
-2.7143 	7.0510 
3.8369 	-9.9164 
9.0614 	2.3003 
8.0611 	4.2838 
-1.0286 	-11.0005 
-5.5445 	3.9873 
7.2073 	-7.2603 
7.2521 	-7.1328 
-0.9849 	7.7836 
8.6933 	3.3703 
1.7561 	-3.9359 
3.0608 	-2.5697 
7.3177 	5.1635 
6.3870 	-8.2080 
-2.0188 	-10.7898 
-2.1325 	-4.4619 
8.5646 	3.2476 
4.2841 	7.3968 
2.4110 	1.3198 
-3.4218 	6.5495 
-4.0875 	-3.4214 
5.6697 	-8.7391 
-4.7642 	5.4771 
7.3259 	5.2697 
-4.2434 	-3.3639 
9.3588 	1.3807 
-6.1648 	2.7094 
9.5159 	-1.7933 
9.1753 	-3.7946 
7.5848 	-6.7447 
3.2144 	7.6956 
1.2039 	-4.1681 
-6.1893 	0.4844 
-0.8202 	-10.8413 
-3.5603 	-3.8904 
4.0250 	-9.8159 
7.5756 	4.6788 
-5.3913 	-9.9444 
1.6868 	-3.9599 
2.8862 	7.9246 
-0.4947 	-4.6428 
-3.6582 	-10.5759 
1.4285 	1.8566 
6.4899 	-8.0607 
4.4520 	-9.4062 
1.8265 	-10.6092 
1.1271 	-4.3159 
0.0639 	8.0001 
-6.1072 	2.4379 
5.4136 	-9.0407 
2.0764 	8.0289 
-0.7242 	-10.9721 
-5.1149 	-2.5870 
-6.1182 	2.6075 
-3.1611 	-4.1977 
-2.4594 	-4.4808 
1.7394 	-10.5951 
8.8109 	2.5358 
8.0271 	4.1632 
-3.2150 	-4.2222 
2.6210 	-10.2836 
9.5032 	0.1609 
-2.6359 	7.0560 
6.6622 	5.9004 
0.2777 	8.0315 
1.8568 	-3.9502 
-6.3334 	1.2252 
-1.6679 	-4.5842 
-5.0804 	-2.5082 
-6.1774 	1.1251 
1.2831 	7.9805 
3.1480 	-2.1542 
-0.2324 	-10.9727 
-2.5399 	-10.7888 
5.4405 	6.7250 
5.4785 	6.7769 
-3.4073 	6.5354 
0.0195 	-11.0009 
-1.7158 	7.5041 
-0.7055 	-4.7313 
6.3297 	-8.3042 
-0.4992 	7.8530 
-6.2486 	1.2371 
0.5069 	7.9975 
0.3517 	-4.4931 
-2.2935 	-4.4767 
-2.4470 	-10.7539 
-3.2987 	-10.7735 
8.8358 	2.8151 
2.6898 	-2.9459 
-6.2555 	0.8807 
-2.5750 	7.1313 
4.4102 	-9.6200 
2.7141 	0.9920 
3.3696 	-1.7073 
-4.4499 	-3.1535 
9.6525 	-1.4372 
7.9951 	-6.1083 
9.5374 	-1.3717 
3.3247 	7.6425 
7.9083 	4.4008 
-5.2836 	4.5906 
7.7031 	-6.5920 
-5.3323 	-2.2266 
9.1947 	-3.5697 
-5.1180 	-2.4152 
-1.8306 	7.4917 
9.5083 	-0.0095 
6.2539 	-8.1795 
1.3835 	-4.1781 
-1.7004 	-10.8327 
6.5292 	-8.1422 
5.2605 	6.7944 
2.4321 	7.8471 
2.9733 	7.8598 
-4.7941 	5.0604 
6.3095 	6.0845 
6.5043 	6.0066 
4.4702 	-9.4778 
5.6669 	-8.6975 
9.5745 	-1.2421 
-1.1414 	7.7550 
4.8752 	-9.3206 
7.3993 	5.0689 
-2.7578 	6.9402 
-2.2036 	-10.8432 
1.2453 	-10.6706 
8.1535 	4.2845 
9.4575 	0.1360 
9.0810 	2.1277 
-5.8913 	-1.0698 
-5.0197 	4.9076 
4.4169 	7.3457 
-6.2100 	0.5426 
3.1594 	-10.2151 
-5.6511 	-1.6969 
-6.2818 	0.2061 
-4.4874 	-3.0266 
-6.1836 	0.2320 
2.3223 	7.8541 
-4.6901 	5.4398 
-1.4723 	-10.8465 
1.9936 	8.0166 
-5.2501 	-2.4081 
-0.3599 	-10.9956 
-4.6498 	-10.2450 
2.5386 	7.9359 
-0.8249 	-4.7585 
-6.0654 	2.2635 
0.6284 	7.9717 
9.2792 	1.8286 
-6.1052 	2.6480 
9.2263 	1.3169 
8.6330 	-4.9712 
-6.1059 	-0.1160 
-1.1566 	-4.6630 
-5.2084 	4.6955 
-4.3053 	5.7387 
1.7465 	7.9851 
6.2623 	6.0868 
1.0925 	-4.3038 
-6.1717 	2.6359 
5.2531 	-8.9039 
3.3879 	-0.2416 
-1.6684 	-10.8611 
8.2073 	-6.0264 
5.4155 	6.8157 
8.7776 	2.6144 
-6.1751 	0.8797 
3.8170 	7.4999 
-3.7040 	-10.6624 
7.9537 	4.3776 
7.0450 	5.4654 
-6.1973 	0.6421 
5.4818 	6.8130 
9.5163 	0.1382 
9.2895 	-3.2003 
-0.0964 	7.9555 
-1.8475 	7.5375 
-4.9748 	-10.1418 
3.3774 	-1.1837 
0.8395 	-10.7123 
-0.8513 	-11.0331 
5.4701 	-8.8529 
0.1701 	-4.5012 
-6.1176 	2.5349 
-3.4987 	6.4170 
9.3430 	-3.3087 
-2.5398 	-4.3317 
8.3261 	-5.5863 
-0.5201 	-4.7263 
9.5539 	-1.6345 
5.6444 	6.5932 
6.4026 	-8.1554 
8.6632 	-5.1723 
-0.3018 	-10.8826 
0.5397 	-10.9485 
-3.5369 	6.4140 
8.9699 	-4.4002 
-5.5721 	-1.5361 
3.4516 	-0.4846 
7.6922 	-6.5817 
6.0212 	6.3368 
4.9543 	7.0590 
-0.4119 	-10.8380 
9.3955 	0.8016 
9.5128 	0.3429 
2.2700 	-10.5699 
5.0731 	-9.0968 
8.9084 	2.8076 
-5.0606 	-2.5506 
-6.1910 	1.1897 
0.7075 	-10.7958 
3.3530 	-0.3556 
5.5405 	6.6497 
-4.3578 	-3.3258 
-4.4884 	-10.2769 
8.5687 	-5.1461 
6.0283 	6.3188 
4.3684 	7.2310 
2.6962 	-3.0059 
9.2870 	-3.2900 
3.4003 	-1.5270 
2.1247 	-3.6004 
6.9670 	5.5588 
0.3729 	-4.5564 
4.4540 	-9.5580 
4.5954 	-9.4734 
8.4628 	-5.6527 
-3.3601 	-4.0835 
9.4835 	-2.1557 
6.8289 	5.7517 
-4.2602 	-10.3425 
9.6190 	-1.5064 
5.4232 	-8.9679 
3.5445 	7.6899 
2.1856 	7.9010 
4.1236 	-9.6731 
1.2042 	-4.1754 
-2.2625 	-4.5065 
-4.7203 	-3.0291 
-0.4491 	7.9263 
3.8674 	-9.8028 
5.2539 	-9.0176 
2.7497 	-3.0035 
0.0796 	8.0445 
7.2241 	5.2509 
1.2442 	8.0225 
9.4488 	-1.8066 
9.5317 	-0.2261 
-5.4186 	4.3269 
2.1719 	8.0345 
2.7115 	0.9312 
-4.7348 	-10.2705 
-4.3407 	-3.2709 
-0.4057 	-4.7480 
-1.5095 	7.5977 
-5.6191 	-1.5230 
5.5218 	6.7432 
-3.3236 	6.6421 
-3.0013 	-10.6772 
-1.2553 	-10.9893 
3.0078 	-2.3994 
7.9350 	-6.4289 
-5.8890 	3.0221 
1.6296 	8.0690 
7.8853 	4.3918 
-2.4751 	-10.8230 
1.2577 	7.9703 
-4.7719 	-10.2201 
-5.1237 	4.9761 
8.9632 	-4.4344 
9.4136 	-2.3607 
7.6187 	4.6737 
8.9322 	-4.3489 
9.4219 	-2.5071 
-4.9159 	-2.7554 
-1.9694 	-4.6047 
-5.6324 	-9.9359 
-4.6227 	-3.0581 
3.3849 	-0.7343 
8.4380 	3.6053 
1.0893 	-10.8170 
9.4642 	-2.6601 
-5.4298 	-2.1226 
-1.6484 	7.5126 
3.7924 	7.4795 
-4.7708 	-10.3473 
-3.9046 	-3.8637 
2.4160 	-10.4488 
9.5378 	-1.1697 
-1.3190 	7.7224 
-5.5246 	-2.1064 
1.9278 	8.0545 
4.9708 	6.9075 
-1.5201 	-4.6142 
9.1220 	2.1309 
-6.1292 	0.3032 
-0.6813 	7.7183 
8.9774 	2.4402 
-6.1084 	1.8930 
-5.4119 	4.2247 
9.4817 	0.4812 
-6.0696 	2.7994 
4.1382 	-9.7557 
-4.7400 	-10.2543 
8.0485 	-5.8765 
-3.0389 	6.7675 
8.8993 	2.4174 
-0.5123 	-4.7171 
-0.3435 	-11.0230 
1.1044 	-10.7945 
4.5129 	-9.4517 
-6.0430 	2.4582 
9.2612 	1.7103 
3.2403 	0.3413 
1.6734 	7.9640 
-4.6520 	5.5117 
-4.0266 	-3.5443 
-4.9341 	-2.6398 
1.5893 	8.0646 
0.5279 	-4.5689 
9.3165 	1.4782 
4.4512 	7.3507 
8.9479 	-4.1238 
8.9171 	-4.4665 
9.5625 	-0.7294 
3.4797 	-0.7462 
2.2447 	-3.4936 
-4.2669 	5.8094 
7.3951 	5.1721 
9.5077 	-1.6837 
0.6446 	7.9804 
4.3888 	-9.6591 
8.4098 	-5.3171 
-3.9582 	-10.5414 
7.4087 	5.1665 
-4.0671 	6.0095 
-0.2726 	-4.6183 
9.4647 	0.7631 
6.2975 	-8.2427 
1.6145 	8.0749 
0.7305 	-4.5132 
-5.9599 	2.8905 
-3.6142 	-3.8257 
-5.7084 	3.7303 
2.6814 	7.8407 
7.2895 	5.3839 
3.7309 	7.5700 
1.4104 	-10.7163 
6.7360 	5.6130 
-2.5827 	-10.8499 
9.5945 	-0.7968 
-3.3668 	-10.5856 
-6.3502 	1.1312 
9.2824 	-3.0629 
-5.3984 	4.1937 
9.2934 	-2.7332 
9.0963 	-4.1776 
2.1837 	-3.3818 
-6.1459 	2.0229 
-6.1796 	0.0701 
9.3773 	-2.6368 
3.1070 	-10.1353 
-3.1610 	6.8299 
6.2852 	-8.2934 
9.3669 	-2.9433 
1.7480 	1.7475 
9.2186 	1.4121 
-0.7146 	7.8336 
-1.0654 	-10.8601 
0.7190 	1.8846 
4.0312 	7.4577 
1.7025 	7.9928 
3.8805 	7.4701 
6.7633 	-7.7314 
-4.2565 	5.9110 
6.1467 	-8.4484 
4.3906 	7.2617 
3.3904 	-0.9144 
-4.8962 	-2.8736 
8.3963 	-5.6046 
4.4881 	7.2916 
-3.5522 	-3.8913 
-3.1912 	6.6464 
9.4602 	0.9817 
-5.3578 	-2.0226 
7.8745 	-6.3747 
-6.3024 	1.3102 
-1.1322 	-10.8913 
-5.9655 	2.9295 
6.8973 	-7.5508 
-5.2940 	-2.1111 
-5.5959 	4.0496 
0.7645 	-4.3581 
8.8121 	2.7561 
9.1664 	-3.4197 
8.0253 	4.3797 
1.7823 	7.9207 
9.5617 	-1.2595 
9.6548 	-1.2952 
9.3283 	-3.1390 
9.5644 	-0.6608 
-2.5813 	-10.8899 
-5.9285 	-0.8880 
8.7229 	-4.9469 
-6.2217 	0.9309 
-1.3872 	-4.6837 
9.3237 	0.9929 
3.2613 	7.8052 
3.8231 	7.6159 
9.4691 	-2.1201 
6.6079 	-7.9087 
-2.7868 	6.9182 
9.4473 	-2.1539 
1.1519 	8.0557 
3.2924 	-10.0769 
3.6872 	-9.9205 
-6.1837 	2.1982 
9.4168 	0.7028 
8.8753 	2.5517 
7.6810 	4.6911 
1.5943 	-10.6298 
-6.0583 	2.7063 
-4.4222 	5.7587 
-1.3878 	-4.7156 
-2.3588 	-10.8322 
9.4953 	-1.1491 
4.9132 	7.1245 
9.6185 	-0.7756 
7.8207 	4.5514 
9.6243 	-1.2682 
7.7574 	4.4045 
8.3832 	-5.6034 
6.9068 	5.4097 
-5.3850 	-10.0718 
-6.2114 	-0.3701 
-0.4147 	-4.7005 
-0.7148 	-4.7404 
2.4665 	-3.1812 
0.3874 	8.0760 
3.0684 	7.7099 
-1.8759 	7.3883 
7.0400 	-7.4625 
9.6378 	-0.2070 
6.5593 	-7.9651 
-1.9466 	-10.8895 
-4.2215 	-10.3692 
-5.4601 	-1.9728 
-2.7764 	-4.3166 
8.9149 	-4.1435 
0.5226 	-4.5074 
7.0633 	5.3598 
7.2355 	5.2337 
2.2621 	-10.5855 
5.1884 	6.8518 
-0.1431 	7.8932 
9.4471 	-2.7353 
7.6802 	-6.4407 
6.9373 	5.5909 
-2.8704 	6.8875 
-3.4120 	-3.9591 
9.0388 	2.2580 
-6.1424 	2.6515 
3.3256 	-1.7508 
7.2362 	-7.1553 
-6.2826 	1.3167 
2.8609 	7.7817 
9.2305 	-3.7763 
-2.2933 	7.1631 
7.9055 	-6.1994 
-0.1367 	7.8633 
9.3134 	-3.3719 
8.9168 	-4.5556 
2.7952 	7.9117 
2.9820 	0.7146 
-3.7087 	6.2038 
1.6650 	7.9740 
-5.8624 	3.1867 
-5.7195 	-1.6187 
4.2951 	-9.5459 
2.0657 	7.9586 
0.5966 	-10.9271 
-0.4079 	7.9030 
6.6711 	-7.8273 
-0.0654 	7.9418 
4.9318 	-9.1854 
7.2949 	-7.1400 
-1.3024 	7.6871 
-6.0597 	-0.4614 
5.7645 	-8.6622 
-2.9360 	-10.7754 
-3.9895 	6.0409 
9.3274 	-2.7214 
2.6466 	7.9730 
3.7628 	-10.0162 
6.8080 	-7.8555 
-4.3647 	-3.2079 
2.0594 	-10.5665 
-5.1535 	-10.2072 
6.5907 	5.8950 
0.7612 	-10.8712 
9.0303 	2.2310 
-3.6856 	-3.9107 
-5.6834 	-1.5050 
0.6085 	8.0201 
7.5069 	-6.8520 
4.0473 	-9.6978 
5.8301 	-8.5651 
-4.3014 	5.7254 
7.5295 	4.9007 
0.8314 	-4.3474 
-0.7433 	-4.7653 
-2.5268 	-4.3911 
9.2269 	-3.0995 
5.7357 	6.4757 
-5.4148 	-1.9916 
5.6447 	6.4710 
-3.3638 	-4.0244 
2.8642 	-2.5269 
2.7826 	-10.4052 
8.3738 	3.6677 
-1.7174 	-10.8186 
8.9445 	-4.2271 
8.8610 	2.5115 
4.6158 	-9.4220 
1.1179 	-10.6882 
-4.9851 	-10.0698 
0.5866 	1.7618 
1.9091 	-10.6131 
9.3406 	0.7639 
-5.0955 	-10.1094 
7.2899 	5.3585 
5.0117 	7.1039 
5.2095 	-8.9823 
-6.2252 	0.2889 
5.8970 	6.4079 
-0.0559 	-10.8341 
8.8149 	2.8906 
3.0801 	-10.1395 
7.9118 	-6.4699 
9.0010 	2.3423 
-6.2258 	1.4852 
9.3711 	-2.3802 
1.1851 	-4.1075 
9.6363 	-0.0551 
9.4526 	-2.2146 
8.1685 	-6.0138 
0.5818 	-10.8119 
-4.7817 	-10.1991 
6.6757 	-7.8629 
8.8980 	2.5770 
-1.5950 	-10.8214 
8.8774 	2.5697 
2.8147 	0.9044 
-1.5371 	-4.7102 
2.0628 	-10.5843 
5.1477 	6.9701 
2.9938 	-10.1512 
-5.9581 	-0.9194 
8.0477 	4.1018 
9.5811 	-0.3092 
3.2798 	-0.6753 
9.4716 	0.5114 
-2.0342 	7.3332 
3.0754 	-2.2147 
5.4384 	6.7146 
-5.4672 	-1.9636 
-1.7166 	-4.7224 
-5.8569 	-1.1439 
-3.1964 	-4.0885 
-5.4172 	-2.1825 
3.3767 	-1.5530 
9.6672 	-0.6213 
-5.6024 	3.7805 
7.6509 	4.6946 
8.9789 	-4.1690 
5.9803 	6.4435 
7.4914 	4.8454 
3.0414 	7.8099 
-1.6661 	-4.5577 
5.5095 	6.7639 
2.5571 	-10.3232 
1.3694 	-10.5948 
-5.9917 	3.1471 
-5.8529 	-0.9139 
8.5977 	3.5145 
9.6172 	-1.0028 
1.2707 	7.9693 
-5.9217 	-0.9960 
-2.7911 	-10.7206 
1.4329 	-4.1392 
-0.3651 	-4.6484 
-2.8404 	-4.2840 
-4.4518 	-3.3466 
9.4734 	0.1797 
8.7497 	2.9300 
2.9512 	-2.4670 
-1.8029 	-10.9052 
8.1940 	-5.9277 
7.8986 	-6.2555 
2.5888 	-3.1664 
2.2819 	-10.4215 
-1.9746 	-10.9006 
-4.8685 	-10.2312 
2.2842 	-10.4002 
6.0790 	-8.3321 
6.5277 	5.8794 
-4.9800 	-2.6779 
0.0353 	7.9994 
-2.3899 	-4.4621 
3.4615 	-0.3929 
-2.2622 	-10.7860 
-5.0902 	4.9767 
-5.2982 	4.6031 
-3.6070 	6.3357 
4.3104 	7.3763 
9.5925 	-1.3017 
3.2019 	-0.0265 
3.1285 	-10.2071 
8.4093 	3.7327 
2.5788 	-10.3710 
-2.8129 	6.8175 
2.9127 	7.8174 
2.9718 	-2.4610 
-4.9230 	-2.8673 
9.5462 	-2.2607 
-3.8425 	6.2307 
0.0320 	-10.8035 
-1.2910 	-4.6770 
-4.9826 	-10.1895 
7.7365 	4.6198 
8.7102 	-4.7451 
-5.6695 	-9.8227 
-5.5753 	4.2098 
1.1043 	8.0834 
4.1157 	7.3735 
6.8758 	-7.5450 
4.3973 	-9.4499 
0.0582 	-4.6959 
-4.8429 	-2.6643 
-2.2403 	7.3408 
2.7566 	-2.7777 
6.8909 	5.4339 
-3.4705 	6.4691 
-4.8253 	-2.7978 
-5.9587 	-0.9106 
-0.2841 	-10.9440 
9.3191 	-2.9822 
4.3135 	7.2724 
-0.7037 	-11.0132 
-0.1449 	-4.5945 
7.5968 	-6.7002 
7.9742 	-6.3205 
8.5209 	3.6631 
-5.2621 	-2.4906 
9.2491 	1.6208 
-5.1196 	4.8566 
-2.4461 	-4.5036 
-6.0568 	-0.6894 
0.2998 	-10.8757 
2.1611 	-3.5686 
-6.3202 	1.3552 
3.0306 	-2.5883 
2.6808 	7.8003 
2.6750 	1.1944 
0.1787 	-10.8210 
-5.6293 	-1.6878 
0.6139 	-4.5389 
-4.8218 	5.2180 
3.6561 	7.6125 
-0.0734 	-4.5610 
-5.5034 	-9.8984 
-3.7006 	6.3895 
-5.1121 	4.7145 
2.5325 	-3.0410 
-5.1763 	4.8012 
3.2734 	-1.9936 
6.1445 	6.1541 
7.1310 	-7.5430 
9.6151 	-0.2984 
0.8322 	-4.3947 
1.3900 	-4.1132 
6.3923 	-8.1612 
-0.3374 	-10.9198 
7.5645 	4.9442 
-0.5319 	-4.7928 
4.1706 	-9.8204 
-3.3814 	6.4736 
-5.3281 	4.4697 
7.6911 	-6.8323 
2.2846 	1.4588 
3.1093 	-2.0019 
9.4121 	-2.5771 
9.3666 	1.1904 
7.1692 	5.3480 
8.2022 	-5.8722 
8.8599 	-4.8026 
6.3060 	-8.3614 
-5.4912 	4.0782 
9.1666 	-4.0451 
8.1922 	3.9091 
-0.1362 	7.9252 
2.5779 	-3.0261 
6.2820 	-8.1829 
-3.4373 	6.5548 
9.4629 	1.0351 
7.7870 	-6.4405 
-0.2926 	-4.6441 
-1.9644 	-4.5158 
8.0807 	4.2177 
5.1254 	6.8125 
0.5655 	-10.9375 
5.3402 	-8.8717 
8.0019 	-6.2169 
3.0178 	-2.2801 
1.9475 	-3.6915 
0.9506 	-4.3501 
5.3744 	-8.8506 
-2.5698 	-10.8194 
9.1662 	-3.4637 
-2.3281 	-4.5151 
8.3224 	-5.5037 
-0.6161 	-4.7329 
-1.2268 	-4.7790 
9.5580 	-0.9908 
-3.9425 	6.2284 
9.6354 	-1.6493 
7.4853 	-6.7948 
9.0364 	2.3711 
7.8431 	-6.4050 
-6.2788 	0.8089 
8.0619 	-6.2284 
-4.0215 	-10.4743 
1.8397 	-10.5928 
1.1439 	-4.2535 
-1.7799 	7.4845 
-1.7124 	7.4606 
9.1724 	-3.6183 
9.2627 	1.6523 
5.9375 	-8.5947 
-1.7483 	7.5197 
-5.8934 	-1.1542 
1.0976 	-4.3761 
6.7078 	-7.8098 
-5.8519 	-1.0371 
-0.5455 	7.9422 
8.0748 	4.1842 
-6.3095 	0.3100 
9.5130 	-1.0028 
5.1011 	7.0068 
-3.5604 	-3.9388 
6.0910 	-8.2166 
0.1174 	-4.7118 
-5.2772 	4.5904 
-6.3594 	1.0455 
7.2575 	5.1325 
0.6460 	-4.4537 
0.4891 	7.9619 
-0.3560 	-4.6327 
-0.9341 	-4.8115 
6.1243 	-8.4126 
-5.4161 	4.4382 
9.3826 	1.2719 
-3.7483 	-10.5775 
2.1670 	7.9414 
8.9410 	-4.1229 
7.0805 	-7.2069 
2.1075 	8.0372 
9.5513 	-1.8143 
-0.6994 	-4.6103 
-1.9270 	-10.8948 
-5.2310 	-2.2312 
-5.9275 	2.7774 
5.4628 	-8.9369 
5.2907 	6.8764 
6.6852 	-7.7216 
-0.0709 	7.9351 
-5.8352 	3.3212 
3.3497 	-1.0908 
9.3648 	-2.8508 
2.0283 	7.9074 
3.4239 	7.7124 
9.3384 	0.8211 
2.7684 	-3.0016 
-4.4567 	5.6486 
6.5708 	-7.9016 
9.0747 	-4.2344 
-1.8121 	-4.6475 
-2.1966 	-4.5259 
0.6690 	-4.4509 
2.0132 	1.5873 
1.5680 	7.9342 
9.5926 	-1.9213 
8.4513 	-5.6175 
7.4610 	5.1020 
-0.6524 	-4.7730 
9.5111 	-0.3721 
-1.9695 	-4.7087 
-2.3988 	-4.5435 
0.1059 	-4.5034 
-2.9557 	-4.1726 
-4.3840 	-3.3312 
-5.5919 	-1.6978 
-4.4259 	5.7628 
-4.5039 	5.5896 
-6.1068 	-0.2806 
-6.1228 	1.9248 
0.2892 	-10.8425 
8.8477 	-4.6525 
8.3113 	3.8850 
-5.2780 	-2.3079 
-5.9603 	-0.6704 
1.7838 	-3.9607 
-0.8859 	-10.9142 
8.7002 	-4.7945 
8.3408 	3.8174 
-4.4920 	5.5945 
-4.3344 	-3.2648 
9.5998 	0.1025 
-5.0834 	-10.1140 
-4.5180 	-3.1594 
-6.1764 	2.3977 
-0.0456 	7.8532 
1.8352 	-3.8278 
9.2843 	-3.4208 
0.3415 	7.8954 
-4.7000 	-10.2486 
0.3649 	8.0373 
9.4206 	0.3019 
-3.6130 	-3.9164 
-0.9750 	7.7266 
-4.0360 	-3.5945 
7.2185 	-7.3019 
1.6771 	-10.6328 
-2.8137 	6.9285 
9.1887 	-3.4840 
-5.2794 	4.5255 
7.4281 	5.0633 
3.7995 	-9.8954 
9.3153 	1.6995 
-3.5421 	6.5100 
-5.1114 	4.8112 
3.4618 	7.6733 
1.4807 	7.9542 
-2.1752 	7.2739 
8.3015 	3.7253 
7.6422 	-6.6142 
1.7273 	8.0773 
1.9186 	8.0432 
-1.8290 	-4.5760 
3.2467 	0.2343 
-5.4797 	4.2113 
-4.4331 	5.6957 
9.5226 	-1.6846 
-3.3347 	-10.5914 
-2.1314 	-10.8413 
3.7229 	7.5589 
-6.3271 	1.2147 
6.8818 	-7.4878 
7.0422 	-7.3315 
7.7640 	-6.5699 
7.7496 	-6.5482 
-0.4148 	-4.7756 
9.3080 	-3.3326 
4.0498 	7.3920 
-5.9364 	-0.7219 
0.2549 	-4.5299 
4.1522 	-9.7278 
-4.8236 	-2.8223 
-4.2139 	-3.4137 
9.4171 	-2.4593 
0.3462 	-10.9279 
6.8103 	5.6946 
8.8765 	-4.4710 
-3.7046 	-3.9650 
-3.0836 	-10.6788 
7.6810 	4.6740 
9.2781 	-3.1839 
3.3609 	-0.9348 
4.9249 	-9.2754 
7.6205 	-6.9129 
-1.3674 	-4.6090 
7.2097 	5.4421 
-4.0731 	6.0572 
7.9383 	4.2964 
0.0096 	7.9667 
1.1568 	7.9542 
-5.0162 	-2.5875 
-6.1020 	2.1159 
3.1626 	0.4964 
-1.3279 	-10.8832 
9.5241 	-1.7074 
-2.0293 	-10.8342 
-4.2073 	-3.5179 
-1.3232 	-10.8989 
5.5574 	-8.8538 
8.8021 	2.8109 
2.5589 	7.9010 
-6.0983 	2.3781 
7.4511 	-7.1006 
-6.2130 	0.4655 
2.4486 	-3.2250 
6.8728 	-7.6752 
9.4078 	-2.7763 
8.6539 	-5.2827 
9.6550 	-0.9487 
1.3222 	7.9414 
-0.3917 	7.8476 
4.5413 	-9.4399 
-4.3775 	5.7873 
4.7117 	-9.4131 
5.9194 	-8.4638 
2.5881 	-10.3998 
6.3110 	6.1586 
9.4788 	-0.5983 
-2.9917 	-10.8315 
2.9230 	7.8645 
2.7517 	-2.9701 
1.8303 	-10.5270 
1.2649 	-7.5756 
4.6207 	-5.5147 
5.1659 	10.3853 
-8.2671 	5.5852 
-0.7788 	-7.7227 
0.0601 	4.7570 
-7.8982 	6.3046 
-9.3195 	0.9939 
-1.6283 	3.9433 
1.5435 	4.8989 
4.9455 	10.4158 
-5.5627 	-6.3870 
-2.8506 	-0.2181 
-2.8258 	2.7734 
3.1456 	4.4612 
-0.1042 	11.0487 
-4.0362 	-7.1801 
-8.2427 	-3.3795 
-5.4458 	-6.3304 
-2.0190 	3.6189 
0.0289 	11.0343 
5.6744 	-3.9541 
6.1111 	-2.9137 
-8.8966 	-1.6464 
-4.5549 	-6.9285 
2.0218 	-7.2615 
-9.3798 	1.9888 
2.5260 	11.1554 
-9.3677 	-0.1441 
5.8972 	-3.6041 
5.9549 	1.2748 
-2.3566 	-7.6889 
-3.0915 	0.3958 
-1.1479 	10.8860 
-9.2663 	-0.7635 
6.0673 	1.4548 
-6.7663 	-5.4481 
-2.7738 	2.6339 
-2.0101 	10.7592 
-2.6775 	-7.6317 
-7.7893 	-4.1642 
-8.3002 	-3.2042 
-9.1490 	3.4115 
1.8165 	-7.4216 
-1.3916 	4.1404 
-3.5045 	-7.3209 
-2.9835 	2.2382 
-7.5848 	6.5204 
-3.2520 	1.3520 
3.4128 	10.9405 
-7.5132 	6.7793 
2.4261 	11.0847 
-6.4054 	-5.6025 
6.4737 	-1.0188 
6.3027 	-2.1902 
-7.0217 	7.4672 
5.4681 	10.1438 
2.6284 	-7.0106 
-7.1412 	7.3240 
0.9556 	4.8854 
-8.9334 	-1.3444 
-1.9451 	-7.7361 
-7.8875 	6.1656 
6.3209 	-2.2319 
-0.2682 	4.7994 
-3.1233 	-7.4379 
-9.3822 	1.0519 
2.4983 	4.6726 
-3.1124 	-7.4200 
-9.4316 	1.8619 
-3.7569 	9.9676 
5.0115 	-4.9407 
-0.0326 	-7.7831 
-0.7435 	11.0979 
-8.7529 	4.6060 
6.3690 	-1.0582 
-6.9030 	7.6276 
5.6611 	-4.1398 
5.9411 	-3.3387 
-1.6022 	-1.6470 
1.5387 	-7.3660 
-2.2606 	-7.6870 
5.1881 	-4.8116 
5.6114 	-4.0541 
6.4339 	-1.1574 
2.4444 	11.1396 
-1.9311 	10.7675 
0.2285 	-7.7818 
-4.7853 	-6.8120 
-8.2923 	-3.2562 
-5.2748 	-6.5905 
6.2506 	-2.9280 
5.2759 	10.3446 
5.3979 	2.6385 
-1.9353 	10.7765 
-3.2434 	0.8092 
3.9633 	-6.1853 
-7.4075 	7.0572 
-9.4368 	1.3513 
4.6192 	3.4466 
3.3258 	10.8562 
-7.5527 	-4.4241 
6.3347 	-1.6609 
-8.6825 	-2.5796 
1.0636 	11.0679 
0.0042 	11.1239 
-4.7877 	-6.7638 
-2.6518 	-7.6229 
4.9418 	-5.1551 
-2.7403 	2.8781 
-7.1915 	7.3035 
2.4909 	4.6727 
2.7548 	-7.0319 
0.3112 	-7.6506 
-0.6771 	11.1047 
-2.9239 	-0.1759 
-2.9763 	10.4069 
5.6417 	-4.0370 
6.3299 	-1.7015 
-5.1067 	-6.6486 
-7.9127 	6.0196 
5.9581 	1.5495 
6.3409 	0.5602 
4.6447 	10.6048 
-8.9399 	-1.6000 
5.1154 	-4.8336 
4.0900 	10.6981 
-0.0709 	11.1515 
5.5638 	2.2286 
-0.7065 	-1.7541 
-8.4587 	5.2719 
-1.5728 	10.8042 
1.4836 	4.8501 
-3.1016 	1.5053 
-9.1280 	-1.4399 
-9.1444 	-0.9329 
-6.5247 	-5.6048 
-1.8094 	-1.5669 
-8.9171 	3.8725 
2.8078 	11.0474 
-1.2584 	10.9453 
1.1780 	4.9625 
2.7356 	-6.8643 
6.4464 	-0.9709 
-8.2510 	-3.4771 
-9.3316 	-0.4663 
5.3221 	-4.6740 
-5.1911 	9.1751 
-5.4090 	8.8994 
-6.1029 	8.5549 
2.9024 	-6.7954 
-2.6867 	2.7126 
-8.4578 	5.0622 
5.5211 	10.2015 
4.4520 	3.6371 
1.2196 	4.9473 
0.9115 	11.1770 
-4.8025 	-6.7336 
-2.4920 	10.5061 
-4.7689 	9.4246 
5.5558 	2.4257 
6.4391 	-1.4445 
-2.7027 	2.8206 
-9.2837 	-0.6939 
-6.2406 	8.2638 
-6.2699 	-5.7463 
-3.1893 	0.4319 
5.3807 	10.3671 
-5.8434 	-6.0738 
3.9766 	-6.1030 
4.9641 	3.0710 
-9.3623 	0.1843 
-8.6227 	-2.6014 
-7.2686 	7.1575 
3.9367 	4.1100 
2.6028 	-6.9242 
3.2502 	4.3596 
-2.5631 	10.5240 
3.7179 	-6.4054 
5.9812 	-3.2921 
-1.4561 	-1.5260 
-5.1672 	9.1192 
-5.6781 	-6.3023 
-7.3683 	-4.6448 
-1.4535 	10.7885 
-8.1299 	5.8295 
-9.2405 	2.8407 
5.0574 	2.7988 
-7.8504 	-3.9269 
3.7016 	10.8959 
-8.9823 	-1.4163 
-4.7797 	9.5271 
5.0380 	10.3449 
-0.5264 	11.0180 
6.3101 	0.8542 
-3.2773 	1.0748 
-3.1843 	-7.4146 
-2.3905 	-0.8833 
-4.3468 	-6.9211 
3.2893 	10.8546 
6.3543 	-1.5378 
0.8393 	-7.6529 
-1.8800 	-7.8239 
-3.6382 	9.9969 
-3.8656 	9.9672 
-3.2563 	-7.4679 
1.1486 	-7.4370 
1.7750 	11.2196 
-7.6523 	6.6783 
-7.6259 	6.5147 
2.9987 	10.9304 
-6.2718 	-5.8166 
-5.6420 	8.8179 
-3.2362 	-7.4956 
-2.6763 	10.4719 
0.6958 	-7.7176 
-7.6549 	6.5035 
4.5639 	10.5596 
-6.8834 	-5.2559 
-1.8349 	-7.7974 
6.1761 	1.2553 
4.4184 	-5.7703 
0.9317 	4.8993 
1.5683 	-7.3690 
4.0695 	-5.9735 
3.3145 	-6.4565 
-4.3077 	9.7511 
-7.2744 	-4.8822 
-6.7629 	-5.3403 
-6.3238 	8.2144 
1.5285 	4.8035 
-9.4246 	0.1787 
3.2536 	-6.6414 
3.8001 	-6.2654 
-8.5966 	-2.6503 
-1.8419 	10.7003 
5.8014 	1.6633 
-9.2528 	2.9715 
0.3200 	11.1267 
5.8555 	1.8128 
5.4181 	-4.4856 
-5.6048 	-6.2686 
-0.3452 	11.0586 
-5.9173 	-6.1302 
6.0724 	-3.2275 
-7.2380 	-4.7990 
-8.4938 	-2.7322 
-0.7320 	-7.8740 
-2.4026 	-0.8329 
-8.5678 	4.7372 
-6.1491 	-5.9651 
1.2042 	-7.4975 
-2.1949 	3.3952 
2.5101 	-7.1304 
6.5222 	-0.5344 
5.9447 	1.4808 
-4.5655 	9.6097 
0.3373 	-7.6216 
-2.8509 	2.7157 
1.5590 	-7.4194 
-6.2863 	8.1680 
4.4866 	3.4872 
0.9131 	11.1861 
4.4242 	-5.6372 
4.0948 	-6.0754 
6.0528 	1.3549 
-6.6214 	7.9028 
-2.0027 	3.7759 
3.1864 	11.0112 
4.1892 	3.9635 
5.8140 	-3.8041 
-8.9771 	3.9495 
3.1740 	4.4292 
-6.2788 	-5.6406 
-8.2809 	5.6276 
1.8598 	11.0587 
-7.8133 	6.1691 
-7.2968 	7.1564 
-0.4293 	-7.7218 
6.5513 	-0.8869 
-6.6428 	-5.4319 
6.3705 	0.4489 
-2.9861 	10.3560 
-9.1964 	2.3933 
-4.3681 	9.6320 
-5.5166 	8.9797 
-4.1777 	-7.1212 
4.8944 	-5.1783 
-8.9512 	3.8572 
5.0776 	10.3525 
-6.5861 	8.0232 
-3.7484 	9.9405 
-8.4987 	4.9244 
-8.9384 	-1.4509 
-7.1252 	7.1827 
-5.5182 	-6.2587 
-1.6480 	10.8593 
-1.9686 	3.6799 
4.0949 	10.7533 
0.1200 	4.7571 
-7.7448 	-4.1602 
-0.2378 	-7.8724 
0.6075 	4.8718 
-8.0367 	5.8375 
-9.1800 	-0.5099 
-6.0431 	8.5947 
-8.3332 	-3.1472 
-4.5521 	9.5797 
-8.6733 	-2.5268 
2.6967 	10.9681 
-1.4389 	10.7685 
-6.2188 	-5.9926 
-5.6849 	8.7802 
-4.3782 	-7.0474 
-3.7463 	10.0975 
4.4530 	-5.7347 
4.5678 	10.5119 
5.9224 	-3.3679 
-1.8674 	4.0067 
-7.2841 	7.2178 
-3.6496 	10.0565 
1.4424 	11.0837 
4.2043 	-5.8463 
-5.0659 	9.3756 
-7.4146 	-4.6006 
-3.8316 	-7.3540 
-4.1885 	9.7342 
3.2624 	10.9485 
-1.5941 	4.0244 
-8.6062 	5.0071 
6.4615 	-0.6063 
0.0328 	-7.7846 
6.2615 	-2.7932 
-3.4945 	10.1028 
5.6867 	10.1329 
-9.3069 	1.5818 
-8.5757 	4.8245 
2.1381 	11.0258 
-8.9196 	3.9458 
-8.3707 	-3.0625 
1.1688 	-7.5652 
-9.3655 	0.8223 
2.3198 	-7.1068 
-0.5303 	-7.8690 
1.9276 	-7.3654 
-4.1166 	-7.2142 
-5.8594 	-6.0374 
0.8796 	11.2064 
6.1751 	1.2665 
3.6083 	-6.4458 
-8.4897 	-2.6878 
-5.1178 	-6.5497 
6.2940 	-2.4403 
-8.7522 	-2.3545 
-0.9742 	10.8809 
-2.3567 	3.2845 
-2.4838 	-7.5833 
-1.0238 	4.4203 
-8.2072 	-3.3220 
-7.5578 	-4.4475 
-6.5006 	7.8420 
6.3484 	-0.4750 
-8.8516 	-1.9685 
-3.5285 	-7.3125 
-1.9668 	10.6457 
-9.3008 	2.2366 
2.7381 	-6.9674 
3.1602 	-6.6286 
6.4731 	-1.7426 
3.3036 	10.9038 
5.4536 	-4.4203 
4.0553 	3.8467 
2.3582 	-7.1782 
-7.6442 	6.7110 
-8.5835 	4.9114 
-8.6670 	4.6518 
-1.6356 	-1.5582 
1.6497 	-7.4474 
0.3103 	11.0459 
4.6413 	-5.5999 
-9.0682 	-1.5093 
5.2907 	-4.4551 
1.9118 	4.8260 
0.6649 	-7.7207 
-4.2038 	9.7500 
4.7611 	10.4233 
-2.0008 	10.7768 
-1.1476 	4.4027 
3.5802 	-6.3357 
6.3598 	-0.7369 
4.6139 	-5.4485 
5.0382 	10.4279 
-7.8455 	-4.0745 
-7.3607 	7.0788 
-3.1118 	10.3748 
4.5655 	3.4170 
0.3246 	11.1391 
0.5227 	4.9518 
-7.4512 	6.8891 
-7.9995 	6.1607 
-8.2536 	5.4779 
2.6283 	4.7080 
-2.8338 	-7.6334 
-6.1919 	-5.7975 
-7.1468 	-4.8778 
-2.0822 	10.7695 
-9.0473 	3.3064 
-4.7852 	9.3358 
-7.1409 	-4.8828 
3.3936 	10.9554 
-2.2188 	3.4853 
-7.5414 	-4.4819 
5.8429 	-3.4930 
-4.8380 	-6.7247 
-8.9982 	3.7174 
6.0563 	1.2105 
-9.1506 	-0.7063 
4.1151 	-5.8451 
-0.9505 	10.9401 
2.5152 	4.6684 
0.2151 	4.8380 
3.7188 	10.8818 
3.8856 	4.0943 
3.7737 	4.2057 
3.9060 	3.9690 
-0.6575 	4.5548 
-3.3154 	-7.3680 
-9.1769 	2.8141 
-3.6102 	10.1303 
-5.5270 	8.7297 
-8.3445 	5.2561 
-4.2477 	-7.1286 
-8.5597 	5.0771 
3.5373 	10.9005 
-5.9758 	-5.8899 
5.0537 	-4.8483 
-5.7105 	8.8271 
6.4622 	-0.6248 
6.5335 	-0.5637 
-3.9130 	-7.2443 
-9.3543 	-0.0690 
-9.3470 	-0.3053 
1.8822 	4.7997 
1.9007 	4.7535 
5.7760 	-3.8348 
-7.7285 	6.3758 
-0.6119 	-7.8793 
-3.7464 	10.0463 
2.3117 	10.9839 
0.0300 	-7.7609 
-2.7424 	2.6191 
-8.4409 	-2.9681 
-7.4227 	6.9679 
4.4657 	-5.6596 
-5.3948 	-6.5008 
6.4379 	0.2442 
2.5178 	11.1101 
-4.8416 	-6.8130 
-7.4655 	-4.4375 
6.4290 	0.3291 
-0.2488 	4.7548 
-2.5071 	3.2103 
-4.2391 	9.8172 
-6.3972 	8.1522 
5.8625 	1.8577 
-0.0397 	11.1410 
-8.9561 	3.6326 
-9.3591 	2.0026 
5.3627 	10.2234 
-3.2090 	0.8844 
-1.3937 	-7.8698 
-5.2350 	-6.4462 
-8.7087 	-2.2555 
-1.1663 	4.4682 
-9.3458 	2.3197 
-2.7771 	2.6652 
-8.1309 	-3.6793 
-8.5374 	5.1761 
-5.1754 	-6.6626 
-9.1956 	-0.2269 
6.1838 	0.7447 
-9.3573 	1.3942 
1.1889 	-7.6241 
0.3023 	4.8829 
1.4053 	-7.3791 
6.3405 	-2.3549 
6.4114 	-1.1185 
-9.4134 	0.1063 
-6.8752 	-5.3016 
-0.7581 	-7.8933 
6.2643 	0.5407 
-2.0833 	10.6422 
-2.0759 	10.7035 
5.8587 	-3.6386 
-9.2852 	-0.4366 
-6.1890 	8.3827 
3.3794 	10.8114 
1.4216 	11.1133 
1.0485 	-7.5493 
4.4657 	3.6169 
-5.2191 	9.0715 
1.2289 	4.8732 
4.2321 	3.8835 
2.7256 	-7.0227 
-2.6987 	10.4435 
-8.7750 	-2.3482 
-8.9046 	-2.1138 
1.7697 	11.0748 
-8.5085 	-2.6761 
-2.0943 	-1.3561 
-4.6406 	9.4269 
-9.2798 	-0.7046 
-4.7627 	-6.8603 
6.1325 	-2.8654 
6.2725 	-2.1419 
-4.7713 	-6.8162 
6.3745 	-0.0308 
-2.8663 	2.2551 
4.7100 	3.4538 
6.3852 	-2.1293 
5.7544 	1.7063 
-9.1343 	-0.9845 
-3.9716 	9.8980 
-4.5861 	9.4924 
-5.0246 	9.1654 
-8.4647 	4.9666 
-1.9889 	10.7290 
-6.0958 	8.4818 
5.9526 	1.3594 
5.5682 	10.2754 
-0.4374 	4.6732 
-9.3782 	1.7203 
6.2161 	0.7444 
6.5006 	-1.2108 
3.4563 	-6.5163 
5.9090 	1.7133 
-6.0466 	-5.9150 
3.1733 	10.9351 
0.3152 	-7.6303 
-8.8805 	-2.2372 
-9.1410 	-0.9121 
-8.4723 	5.3773 
-0.1513 	-7.8507 
-2.1816 	10.7422 
1.4195 	11.1623 
-7.2075 	7.2490 
5.8395 	-3.7860 
-5.3131 	8.9431 
3.0950 	4.4093 
-6.0320 	-6.0978 
-9.1871 	-0.6179 
-8.5834 	4.6964 
1.0116 	-7.5364 
-7.9825 	6.0909 
-0.4250 	10.9870 
-2.6684 	2.8620 
2.8927 	4.6144 
-1.8974 	10.7959 
-1.3357 	-7.8421 
-0.6119 	-7.8514 
3.6087 	10.8147 
-7.2710 	7.1738 
4.8217 	10.5630 
6.4853 	-0.4527 
-0.1451 	4.8248 
1.0088 	-7.5160 
-5.7896 	-6.2439 
-8.4793 	-2.8714 
4.6057 	10.6642 
-5.5040 	-6.3840 
-0.0410 	-7.6937 
5.6908 	10.1081 
6.3590 	-2.2768 
-9.2125 	2.5609 
3.9795 	10.8028 
-9.1465 	3.0125 
5.3984 	-4.5966 
-7.1075 	-4.8547 
-0.5290 	-1.7781 
-0.7668 	10.9987 
-0.2611 	-7.7643 
5.2547 	-4.6367 
3.1084 	10.9091 
-3.7536 	-7.3719 
5.8030 	-3.8476 
-0.9487 	4.4517 
-8.8162 	-2.3657 
3.7558 	4.1205 
-1.7197 	3.8711 
-8.7338 	-2.3193 
5.6421 	-3.8215 
2.3025 	-7.1554 
-8.1680 	5.8260 
-2.0689 	10.7079 
3.1866 	-6.7430 
3.6870 	10.7610 
3.3560 	10.8546 
6.1049 	1.2032 
-6.6184 	7.9473 
-9.1960 	-0.3775 
1.2978 	11.1881 
-9.2072 	-1.1232 
-8.7590 	4.6705 
-7.4366 	6.7443 
0.9891 	-7.6553 
6.4670 	-1.6835 
-3.1582 	1.2309 
-4.2465 	-6.9757 
-9.4654 	1.3094 
5.9278 	-3.4327 
-6.6558 	-5.4821 
6.4433 	-1.3825 
5.4647 	-4.4733 
-9.4006 	1.7907 
-0.2326 	10.9974 
-2.0678 	10.6328 
6.0869 	0.9548 
0.1543 	-7.7233 
-0.5153 	10.9346 
6.4267 	-2.0605 
4.0357 	10.8313 
-9.2614 	-0.0909 
4.4225 	3.5235 
-3.8111 	9.9842 
-9.3314 	1.9561 
-7.6441 	-4.1521 
6.3697 	-1.6095 
-3.1752 	1.6424 
6.3716 	-0.5261 
2.4595 	-7.1035 
-9.3828 	0.7420 
5.0405 	10.4297 
6.1386 	1.2107 
-7.0080 	7.4246 
-0.5779 	10.9738 
-4.2668 	-7.1379 
4.2312 	3.8490 
-4.6817 	9.4391 
-4.5465 	-6.9592 
1.3193 	4.9920 
-1.2180 	10.9108 
-9.3529 	0.8921 
0.0067 	4.6886 
0.6537 	11.2333 
-3.1083 	1.0034 
-3.1458 	1.4880 
5.2414 	10.3941 
-9.0561 	3.8223 
1.4040 	-7.4630 
-5.9945 	-6.0691 
-6.7536 	7.6606 
-2.9787 	2.2758 
-8.0097 	5.8887 
-8.6190 	4.6124 
-3.5125 	-7.4389 
-8.7670 	-2.2116 
3.5871 	-6.3027 
4.8065 	3.2651 
0.0068 	-7.7151 
1.3877 	11.0446 
6.3618 	0.0131 
2.3883 	-7.0641 
4.3683 	-5.9024 
-1.0813 	4.2918 
-6.4668 	-5.7749 
-3.4233 	10.1921 
0.5958 	11.0804 
-8.1605 	5.8422 
1.0267 	-7.5614 
5.4281 	-4.4955 
-8.8868 	4.0810 
-0.8671 	10.9442 
1.7012 	11.1090 
-1.3082 	4.3989 
-4.8120 	-6.8504 
2.2881 	4.7641 
6.3174 	-1.7258 
-0.6100 	11.0152 
5.8843 	1.8568 
1.6057 	4.9547 
-7.6310 	-4.3950 
4.7534 	-5.3915 
1.1095 	-7.4731 
-5.5278 	8.8838 
-3.1209 	10.3073 
-9.0644 	3.4569 
-0.9926 	-7.8875 
-9.4201 	1.3584 
6.3049 	0.8505 
-9.2948 	-0.2680 
-9.1225 	3.2381 
-9.0240 	-1.2436 
3.1410 	-6.6796 
2.1577 	-7.1268 
4.8306 	3.1987 
-5.3920 	9.0796 
-5.4897 	-6.5440 
2.7815 	-6.9584 
-6.3791 	8.1285 
6.4448 	-0.7347 
-2.9613 	10.4533 
-4.2574 	9.7585 
-2.7886 	10.4314 
1.9222 	-7.2616 
1.0372 	-7.5569 
-1.8834 	10.7556 
-3.8974 	-7.3519 
-8.3848 	-2.9303 
-8.7414 	4.2657 
3.7194 	10.7835 
-7.7029 	-4.0915 
-9.3616 	0.8339 
-8.3967 	-2.9029 
1.7551 	11.0626 
-1.9236 	10.7576 
4.8159 	3.4598 
5.0968 	2.8307 
6.4039 	-1.0758 
-7.1794 	7.1360 
5.8486 	1.6576 
5.0185 	10.4821 
-8.4267 	5.0266 
5.0940 	2.9932 
-2.1513 	10.6864 
0.8487 	11.0419 
3.7129 	10.9087 
-8.4430 	-2.9150 
-8.2157 	-3.3616 
4.9774 	3.0541 
-6.4131 	-5.5729 
-7.7244 	-4.1012 
4.4612 	3.6165 
-5.5231 	-6.3824 
-7.2498 	-4.6686 
5.8773 	1.7588 
-9.3937 	0.0693 
-3.1355 	0.3071 
4.5735 	-5.6058 
-7.2229 	-4.7626 
4.1341 	-5.8059 
-9.0831 	-1.1845 
2.3628 	-7.0804 
2.6187 	4.6864 
1.0258 	11.1235 
-9.4048 	1.1291 
-9.2553 	2.3005 
-9.2199 	3.2698 
-7.3852 	6.9206 
-3.0544 	10.3147 
-6.5527 	-5.6319 
3.8112 	4.1567 
1.2511 	-7.5146 
-4.1946 	9.7765 
4.8534 	3.3608 
3.9480 	-6.0147 
4.1390 	10.7664 
-4.7823 	9.3183 
6.3615 	0.1592 
5.8836 	10.0402 
-2.2097 	3.3457 
-1.6239 	-7.8204 
-0.1870 	-7.7198 
0.0787 	-7.8325 
1.0652 	4.8455 
-1.5385 	-7.7935 
-9.2598 	-0.4548 
5.1318 	10.2801 
6.2940 	0.4216 
2.6897 	-6.8325 
6.2092 	-2.5823 
5.6037 	-4.1967 
5.5951 	2.3258 
-2.9842 	-0.1682 
-2.9955 	-7.5443 
6.5397 	-1.2104 
-1.4657 	10.7736 
-7.0514 	-4.9358 
1.1422 	11.1206 
4.3725 	10.5960 
-8.7529 	-2.0835 
1.4968 	4.8073 
1.7246 	11.0607 
-8.9056 	-1.5946 
-0.7294 	11.0081 
-1.5537 	-7.8544 
-9.2696 	-0.7763 
-1.8129 	3.7954 
1.7133 	11.1344 
-9.3044 	1.2256 
0.5434 	4.8105 
-8.6831 	4.5046 
0.3742 	-7.7345 
-1.0232 	4.3446 
6.3211 	0.7352 
6.5142 	-1.5037 
6.3652 	-0.0226 
-8.7437 	4.6478 
-7.0663 	7.3615 
-7.8446 	-4.2028 
-7.9224 	-3.8060 
-9.3711 	0.5560 
5.1194 	10.4565 
-9.4373 	0.6664 
-9.0759 	-1.1706 
0.8022 	11.1129 
-8.5714 	-2.9301 
3.7472 	-6.2925 
3.6047 	10.8826 
-2.5101 	-7.7076 
-9.1097 	-1.2052 
-8.1944 	5.6331 
-9.1415 	3.4043 
6.3026 	0.8924 
-1.1626 	4.4152 
5.9950 	-3.0609 
-1.6026 	10.7705 
-8.0756 	-3.5829 
-3.8778 	-7.1537 
-1.7952 	-7.8017 
-6.2521 	8.1852 
-9.2727 	2.0075 
-9.3925 	2.0670 
4.2187 	3.7211 
-2.0423 	-7.7576 
-6.1146 	-5.9844 
1.4373 	-7.3501 
-4.7439 	-6.8861 
3.4149 	-6.4248 
-6.1130 	8.2895 
1.0639 	-7.5236 
-8.4958 	5.2088 
-4.7943 	-6.8471 
-8.0153 	6.1068 
2.4602 	11.1057 
-6.6557 	-5.4318 
0.4706 	11.1981 
6.3665 	0.4333 
-1.2424 	10.8017 
-1.1607 	4.4367 
-3.9167 	-7.1892 
-2.9358 	-0.2885 
-4.8450 	9.4239 
5.2376 	2.9558 
4.5517 	3.5497 
5.2261 	2.7048 
-8.8003 	4.0457 
6.1679 	0.7347 
5.3276 	-4.5377 
-6.5832 	7.9597 
-5.8834 	-6.1928 
0.7306 	11.1610 
-2.5571 	3.0645 
-2.3042 	-7.7812 
-8.5063 	-2.7870 
-8.3587 	-3.1905 
-3.9885 	9.8782 
2.1306 	4.9047 
5.2391 	-4.7024 
-0.8975 	-1.6999 
3.2679 	10.8888 
-6.6120 	7.7609 
-7.2220 	7.2053 
2.9331 	4.6244 
2.9451 	-6.7413 
3.8220 	4.2276 
-5.6404 	-6.3642 
-4.7192 	9.4590 
-9.3891 	0.6060 
-9.0472 	3.8856 
-9.3682 	0.9742 
-7.9608 	6.1680 
-2.0939 	10.7712 
-9.4364 	0.3689 
5.2989 	2.8532 
-8.6277 	-2.7670 
4.3816 	3.6128 
0.6507 	11.0783 
-1.3938 	4.0935 
3.6121 	-6.2837 
-8.6556 	-2.4256 
-4.4381 	-6.9662 
-4.8766 	9.2686 
-7.1147 	-4.9372 
6.4987 	-0.1654 
-8.5002 	5.0678 
3.5367 	4.3151 
-9.2820 	2.2344 
-9.3825 	0.8183 
6.3529 	-0.2179 
5.2861 	2.7755 
4.5737 	3.5694 
3.5961 	4.1309 
5.9666 	1.4255 
3.4548 	10.8449 
-2.5812 	-0.8288 
3.5467 	10.8008 
-3.1468 	0.1224 
4.2570 	10.6230 
5.3750 	-4.3959 
-6.8871 	-5.2103 
-1.8623 	10.6811 
0.1349 	11.0705 
5.6456 	2.2873 
-9.3790 	2.3768 
2.7147 	11.0069 
4.4922 	10.5139 
0.8060 	4.9238 
5.1779 	2.8647 
-7.4477 	6.9408 
-3.0164 	2.2788 
-1.9123 	3.9120 
-5.1631 	-6.5695 
-2.6777 	10.4147 
5.6758 	10.2278 
-1.3398 	-1.7063 
-7.6652 	-4.3438 
-2.0471 	10.7380 
0.8130 	11.0760 
-2.9234 	10.4983 
-0.9467 	10.9776 
-7.4740 	6.9591 
1.4511 	4.9763 
-6.2060 	-5.8368 
4.6468 	3.3136 
-3.5354 	10.0722 
1.9278 	11.1756 
4.8099 	3.4248 
-0.7920 	11.0087 
0.8066 	-7.7350 
1.0020 	-7.5154 
6.0404 	-2.9739 
-1.6717 	10.8376 
-7.5971 	6.7787 
-2.9629 	-7.4970 
-8.5342 	5.0068 
2.7511 	11.0648 
4.9218 	3.1587 
6.4356 	-1.3236 
-9.3491 	1.1018 
-4.6887 	9.3602 
-2.4480 	10.5789 
0.2167 	-7.7395 
1.3218 	4.8244 
-1.2274 	4.3605 
2.3397 	-7.1332 
-3.8040 	9.9822 
6.2684 	0.6998 
-5.5403 	8.7425 
-9.4147 	1.9747 
-3.1580 	0.1715 
-5.7993 	8.6204 
1.6120 	11.2209 
-5.3268 	-6.3723 
-3.5307 	10.0721 
2.4627 	4.7475 
-6.8249 	7.5436 
1.7233 	11.1662 
-3.6034 	10.1204 
6.2733 	-2.2517 
6.2639 	0.8411 
-6.8903 	-5.2288 
0.1798 	-7.6964 
-4.6870 	-6.9262 
5.6304 	10.1509 
-9.1976 	-1.0334 
2.7573 	11.0762 
-5.2646 	-6.4813 
-2.3913 	-7.6624 
-6.2902 	8.0488 
-7.5329 	6.7665 
-2.5917 	-7.5540 
-2.7407 	2.6286 
-0.7026 	4.5322 
-5.2599 	9.0731 
-9.2798 	2.0251 
-3.0971 	0.7815 
-8.0012 	-3.6942 
-8.2962 	5.7192 
0.9057 	4.9927 
6.3375 	0.6279 
-4.6887 	9.4821 
2.9646 	4.5811 
-0.8021 	11.0100 
1.6236 	11.2078 
-2.3773 	-1.1477 
1.3433 	-7.4572 
4.5983 	3.4442 
-7.4266 	-4.4583 
0.2383 	4.8524 
-3.2079 	1.4265 
2.2174 	11.0099 
4.3878 	10.5619 
2.2813 	-7.1840 
-9.2979 	1.3111 
-2.0111 	3.7093 
6.0773 	1.1375 
-3.1239 	1.5360 
-4.1979 	-7.0270 
3.7331 	4.2344 
5.3584 	10.2856 
